image: map_velodyne_first_bag.pgm
resolution: 0.100000
origin: [-8.526278, -6.072474, 0.000000]
negate: 0
occupied_thresh: 0.65
free_thresh: 0.196

