image: map_laser_first_bag.pgm
resolution: 0.100000
origin: [-9.184760, -6.410410, 0.000000]
negate: 0
occupied_thresh: 0.65
free_thresh: 0.196

