image: map_velodyne_second_bag.pgm
resolution: 0.100000
origin: [-8.927287, -5.387794, 0.000000]
negate: 0
occupied_thresh: 0.65
free_thresh: 0.196

